//Maya ASCII 2017 scene
//Name: pizarra.ma
//Last modified: Thu, Feb 08, 2018 04:45:26 PM
//Codeset: 1252
requires maya "2017";
currentUnit -l centimeter -a degree -t film;
fileInfo "application" "maya";
fileInfo "product" "Maya 2017";
fileInfo "version" "2017";
fileInfo "cutIdentifier" "201606150345-997974";
fileInfo "osv" "Microsoft Windows 8 Business Edition, 64-bit  (Build 9200)\n";
fileInfo "license" "education";
createNode transform -n "Box001";
	rename -uid "02D7CE5C-46DC-799F-4E70-708720298A46";
	setAttr ".t" -type "double3" 0 2.6316003043059615 0 ;
createNode mesh -n "Box001Shape" -p "Box001";
	rename -uid "0EEE5795-4EB5-EC66-3BD5-3E95BC2BCD0C";
	setAttr -k off ".v";
	setAttr ".iog[0].og[0].gcl" -type "componentList" 1 "f[0:9]";
	setAttr ".vir" yes;
	setAttr ".vif" yes;
	setAttr ".uvst[0].uvsn" -type "string" "map1";
	setAttr -s 32 ".uvst[0].uvsp[0:31]" -type "float2" -1 1.5 -1 -0.5 2
		 -0.5 2 1.5 2 0.52499998 -1 0.52499998 -1 0.47499999 2 0.47499999 1.5 0.52499998 -0.5
		 0.52499998 -0.5 0.47499999 1.5 0.47499999 2 1.5 -1 1.5 -1 -0.5 2 -0.5 -1 0.47499999
		 2 0.52499998 -0.5 0.47499999 1.5 0.52499998 2 0.52499998 -1 0.52499998 -1 0.47499999
		 -1 0.47499999 2 0.47499999 2 0.52499998 1.5 0.52499998 -0.5 0.52499998 -0.5 0.47499999
		 -0.5 0.47499999 1.5 0.47499999 1.5 0.52499998;
	setAttr ".cuvs" -type "string" "map1";
	setAttr ".dcc" -type "string" "Ambient+Diffuse";
	setAttr -s 32 ".vt[0:31]"  2.24821901 1.53556001 0.020331001 -3.75176096 1.52021301 0.020330001
		 2.25845098 -2.46442699 0.020330001 -3.74152994 -2.479774 0.020330001 2.24821901 1.53556001 0.120331
		 -3.75176096 1.52021301 0.12033 2.25845098 -2.46442699 0.120331 -3.74152994 -2.479774 0.12033
		 -3.75176096 1.52021301 0.12033 2.24821901 1.53556001 0.120331 2.24821901 1.53556001 0.020331001
		 2.24821901 1.53556001 0.020331001 -3.75176096 1.52021301 0.020330001 -3.75176096 1.52021301 0.12033
		 -3.74152994 -2.479774 0.12033 -3.75176096 1.52021301 0.12033 -3.75176096 1.52021301 0.020330001
		 -3.75176096 1.52021301 0.020330001 -3.74152994 -2.479774 0.020330001 -3.74152994 -2.479774 0.12033
		 2.25845098 -2.46442699 0.120331 -3.74152994 -2.479774 0.12033 -3.74152994 -2.479774 0.020330001
		 -3.74152994 -2.479774 0.020330001 2.25845098 -2.46442699 0.020330001 2.25845098 -2.46442699 0.120331
		 2.24821901 1.53556001 0.120331 2.25845098 -2.46442699 0.120331 2.25845098 -2.46442699 0.020330001
		 2.25845098 -2.46442699 0.020330001 2.24821901 1.53556001 0.020331001 2.24821901 1.53556001 0.120331;
	setAttr -s 32 ".ed[0:31]"  3 1 0 1 0 0 0 2 0 2 3 0 7 6 0 6 4 0 4 5 0
		 5 7 0 8 9 0 9 10 0 10 8 0 11 12 0 12 13 0 13 11 0 14 15 0 15 16 0 16 14 0 17 18 0
		 18 19 0 19 17 0 20 21 0 21 22 0 22 20 0 23 24 0 24 25 0 25 23 0 26 27 0 27 28 0 28 26 0
		 29 30 0 30 31 0 31 29 0;
	setAttr -s 32 ".n[0:31]" -type "float3"  0 0 -1 0 0 -1 0 0 -1 0 0 -1
		 0 0 1 0 0 1 0 0 1 0 0 1 -0.0025579999 0.99999702 0 -0.0025579999 0.99999702 0 -0.0025579999
		 0.99999702 0 -0.0025579999 0.99999702 0 -0.0025579999 0.99999702 0 -0.0025579999
		 0.99999702 0 -0.99999702 -0.0025579999 0 -0.99999702 -0.0025579999 0 -0.99999702
		 -0.0025579999 0 -0.99999702 -0.0025579999 0 -0.99999702 -0.0025579999 0 -0.99999702
		 -0.0025579999 0 0.0025579999 -0.99999702 0 0.0025579999 -0.99999702 0 0.0025579999
		 -0.99999702 0 0.0025579999 -0.99999702 0 0.0025579999 -0.99999702 0 0.0025579999
		 -0.99999702 0 0.99999702 0.0025579999 0 0.99999702 0.0025579999 0 0.99999702 0.0025579999
		 0 0.99999702 0.0025579999 0 0.99999702 0.0025579999 0 0.99999702 0.0025579999 0;
	setAttr -s 10 -ch 32 ".fc[0:9]" -type "polyFaces" 
		f 4 0 1 2 3
		mu 0 4 0 1 2 3
		f 4 4 5 6 7
		mu 0 4 12 13 14 15
		f 3 8 9 10
		mu 0 3 4 5 6
		f 3 11 12 13
		mu 0 3 16 7 17
		f 3 14 15 16
		mu 0 3 8 9 10
		f 3 17 18 19
		mu 0 3 18 11 19
		f 3 20 21 22
		mu 0 3 20 21 22
		f 3 23 24 25
		mu 0 3 23 24 25
		f 3 26 27 28
		mu 0 3 26 27 28
		f 3 29 30 31
		mu 0 3 29 30 31;
	setAttr ".cd" -type "dataPolyComponent" Index_Data Edge 0 ;
	setAttr ".cvd" -type "dataPolyComponent" Index_Data Vertex 0 ;
	setAttr ".pd[0]" -type "dataPolyComponent" Index_Data UV 0 ;
	setAttr ".hfd" -type "dataPolyComponent" Index_Data Face 0 ;
createNode transform -n "Line003";
	rename -uid "3A7F6ADE-4B10-591B-D83D-79A53B0FDE00";
	setAttr ".t" -type "double3" 0 2.6316003043059615 0 ;
createNode mesh -n "Line003Shape" -p "Line003";
	rename -uid "D1BEBC76-4647-B10E-C239-20AAB9F99B27";
	setAttr -k off ".v";
	setAttr ".iog[0].og[0].gcl" -type "componentList" 1 "f[0:195]";
	setAttr ".vir" yes;
	setAttr ".vif" yes;
	setAttr ".uvst[0].uvsn" -type "string" "map1";
	setAttr ".cuvs" -type "string" "map1";
	setAttr ".dcc" -type "string" "Ambient+Diffuse";
	setAttr -s 192 ".vt";
	setAttr ".vt[0:165]"  -3.74321795 -2.46159101 0.121617 -3.74321795 -2.46159101 0.019052999
		 -3.7235949 -2.46154094 0.019052999 -3.7235949 -2.46154094 0.014166 -3.72772598 -2.4615519 0.0094410004
		 -3.75262499 -2.46161604 0.0094410004 -3.75259995 -2.46161604 0.019456999 -3.81819391 -2.46178293 0.019456999
		 -3.81819701 -2.46178293 0.0094410004 -3.83791804 -2.46183395 0.0094410004 -3.84308004 -2.46184707 0.014297
		 -3.84308004 -2.46184707 0.12567 -3.83791804 -2.46183395 0.13180099 -3.81786704 -2.46178293 0.13180099
		 -3.8179419 -2.46178293 0.121713 -3.75262594 -2.46161604 0.121713 -3.75260997 -2.46161604 0.13180099
		 -3.72772598 -2.4615519 0.13180099 -3.7235949 -2.46154094 0.12651899 -3.7235949 -2.46154094 0.121584
		 -3.75335598 1.50176597 0.121616 -3.75335598 1.50176704 0.019052999 -3.73373294 1.50181699 0.019052999
		 -3.73373294 1.50181699 0.014166 -3.73786402 1.50180602 0.0094400002 -3.76276398 1.50174296 0.0094400002
		 -3.76273894 1.50174296 0.019455999 -3.82833195 1.50157499 0.019455999 -3.82833505 1.50157499 0.0094400002
		 -3.84805608 1.50152397 0.0094400002 -3.85321808 1.50151098 0.014296 -3.85321808 1.50151098 0.125669
		 -3.84805608 1.50152397 0.1318 -3.82800508 1.50157499 0.1318 -3.82807899 1.50157499 0.121712
		 -3.76276398 1.50174296 0.121712 -3.762748 1.50174296 0.1318 -3.73786402 1.50180602 0.1318
		 -3.73373294 1.50181699 0.12651899 -3.73373294 1.50181699 0.121583 -3.8336699 -2.46182108 0.028941
		 -3.75268102 -2.46161389 0.028941 -3.75268102 -2.46161389 0.112723 -3.8336699 -2.46182108 0.112723
		 -3.84380794 1.50153697 0.02894 -3.76281905 1.50174403 0.02894 -3.76281905 1.50174403 0.112722
		 -3.84380794 1.50153697 0.112722 -3.72334909 -2.48123097 0.121617 -3.72334909 -2.48123097 0.019053999
		 -3.72339892 -2.46160793 0.019053999 -3.72339892 -2.46160793 0.014167 -3.72338796 -2.46573901 0.0094410004
		 -3.72332501 -2.49063802 0.0094410004 -3.72332501 -2.49061394 0.019456999 -3.72315693 -2.55620694 0.019456999
		 -3.72315693 -2.55621004 0.0094410004 -3.7231071 -2.57593107 0.0094410004 -3.72309399 -2.58109307 0.014297
		 -3.72309399 -2.58109307 0.12567 -3.7231071 -2.57593107 0.13180099 -3.72315788 -2.55588007 0.13180099
		 -3.72315788 -2.55595398 0.121713 -3.72332501 -2.49063897 0.121713 -3.72332501 -2.490623 0.13180099
		 -3.72338796 -2.46573901 0.13180099 -3.72339892 -2.46160793 0.12651999 -3.72339892 -2.46160793 0.121584
		 2.24042106 -2.46597505 0.121618 2.24042106 -2.46597505 0.019053999 2.24037004 -2.44635201 0.019053999
		 2.24037004 -2.44635201 0.014167 2.240381 -2.45048189 0.0094410004 2.2404449 -2.47538209 0.0094410004
		 2.2404449 -2.47535801 0.019458 2.24061298 -2.54095101 0.019458 2.24061298 -2.54095411 0.0094410004
		 2.24066305 -2.56067491 0.0094410004 2.24067593 -2.56583691 0.014297 2.24067593 -2.56583691 0.12567
		 2.24066305 -2.56067491 0.13180099 2.24061203 -2.5406239 0.13180099 2.24061203 -2.54069805 0.121713
		 2.2404449 -2.47538304 0.121713 2.2404449 -2.47536707 0.13180099 2.240381 -2.45048189 0.13180099
		 2.24037004 -2.44635201 0.12651999 2.24037004 -2.44635201 0.121584 -3.72311592 -2.57168293 0.028941
		 -3.72332311 -2.490695 0.028941 -3.72332311 -2.49069405 0.112723 -3.72311592 -2.57168293 0.112723
		 2.24065399 -2.556427 0.028941 2.24044704 -2.47543812 0.028941 2.24044704 -2.47543812 0.112723
		 2.24065399 -2.556427 0.112723 2.25999594 -2.44660401 0.121618 2.25999594 -2.44660401 0.019053999
		 2.24037194 -2.44665408 0.019053999 2.24037194 -2.44665408 0.014167 2.24450302 -2.44664407 0.0094419997
		 2.26940298 -2.44657993 0.0094419997 2.26937795 -2.44657993 0.019458 2.3349731 -2.44641209 0.019458
		 2.334975 -2.44641209 0.0094419997 2.35469604 -2.44636202 0.0094419997 2.35985804 -2.44634891 0.014297
		 2.35985804 -2.44634795 0.12567 2.35469604 -2.44636202 0.13180099 2.33464408 -2.44641304 0.13180099
		 2.33471894 -2.44641304 0.121714 2.26940298 -2.44657898 0.121714 2.26938701 -2.44657993 0.13180099
		 2.24450302 -2.44664407 0.13180099 2.24037194 -2.44665408 0.12651999 2.24037194 -2.44665408 0.121584
		 2.24985695 1.51711595 0.121617 2.24985695 1.51711595 0.019052999 2.23023391 1.51706505 0.019052999
		 2.23023391 1.51706505 0.014166 2.23436499 1.51707602 0.0094410004 2.25926495 1.51714003 0.0094410004
		 2.25923991 1.51714003 0.019456999 2.32483411 1.51730704 0.019456999 2.32483602 1.51730704 0.0094410004
		 2.34455705 1.51735795 0.0094410004 2.34972 1.51737106 0.014297 2.34972 1.51737106 0.12567
		 2.34455705 1.51735795 0.13180099 2.32450604 1.51730704 0.13180099 2.32458091 1.51730704 0.121713
		 2.2592659 1.51714003 0.121713 2.25924897 1.51714003 0.13180099 2.23436499 1.51707602 0.13180099
		 2.23023391 1.51706505 0.12651899 2.23023391 1.51706505 0.121584 2.35044789 -2.44637108 0.028941
		 2.26945806 -2.44657803 0.028941 2.26945806 -2.44657803 0.112724 2.35044789 -2.44637108 0.112724
		 2.3403101 1.517349 0.028941 2.25932097 1.51714098 0.028941 2.25932097 1.51714098 0.112723
		 2.3403101 1.517349 0.112723 -3.73378491 1.52154195 0.121617 -3.73378491 1.52154195 0.019052999
		 -3.73373389 1.50191796 0.019052999 -3.73373389 1.50191796 0.014166 -3.7337451 1.50604904 0.0094400002
		 -3.73380899 1.530949 0.0094400002 -3.73380899 1.53092396 0.019456999 -3.73397589 1.59651697 0.019455999
		 -3.73397589 1.59652102 0.0094400002 -3.73402691 1.61624098 0.0094400002 -3.73404002 1.62140298 0.014296
		 -3.73404002 1.62140298 0.125669 -3.73402691 1.61624098 0.1318 -3.73397493 1.59618998 0.1318
		 -3.73397589 1.59626496 0.121712 -3.73380899 1.530949 0.121712 -3.73380899 1.53093398 0.1318
		 -3.7337451 1.50604904 0.1318 -3.73373389 1.50191796 0.12651899 -3.73373389 1.50191796 0.121583
		 2.2299161 1.53679705 0.121617 2.2299161 1.53679705 0.019052999;
	setAttr ".vt[166:191]" 2.22996593 1.51717305 0.019052999 2.22996593 1.51717305 0.014166
		 2.22995496 1.52130401 0.0094410004 2.22989106 1.54620397 0.0094410004 2.22989202 1.54618001 0.019456999
		 2.22972393 1.61177301 0.019456999 2.22972393 1.61177599 0.0094410004 2.22967291 1.63149595 0.0094410004
		 2.22966003 1.63665795 0.014296 2.22966003 1.63665795 0.12567 2.22967291 1.63149595 0.1318
		 2.22972393 1.61144495 0.1318 2.22972393 1.61152005 0.121713 2.22989106 1.54620397 0.121713
		 2.22989106 1.546188 0.1318 2.22995496 1.52130401 0.1318 2.22996593 1.51717305 0.12651899
		 2.22996593 1.51717305 0.121584 -3.73401403 1.61199403 0.02894 -3.73380709 1.53100502 0.02894
		 -3.73380709 1.53100502 0.112722 -3.73401403 1.61199403 0.112722 2.22968602 1.627249 0.02894
		 2.22989297 1.54626 0.02894 2.22989297 1.54626 0.112723 2.22968602 1.627249 0.112723;
	setAttr -s 388 ".ed";
	setAttr ".ed[0:165]"  21 20 0 20 0 0 0 1 0 1 21 0 22 21 0 1 2 0 2 22 0 23 22 0
		 2 3 0 3 23 0 24 23 0 3 4 0 4 24 0 25 24 0 4 5 0 5 25 0 26 25 0 5 6 0 6 26 0 27 26 0
		 6 7 0 7 27 0 28 27 0 7 8 0 8 28 0 29 28 0 8 9 0 9 29 0 30 29 0 9 10 0 10 30 0 31 30 0
		 10 11 0 11 31 0 32 31 0 11 12 0 12 32 0 33 32 0 12 13 0 13 33 0 34 33 0 13 14 0 14 34 0
		 35 34 0 14 15 0 15 35 0 36 35 0 15 16 0 16 36 0 37 36 0 16 17 0 17 37 0 38 37 0 17 18 0
		 18 38 0 39 38 0 18 19 0 19 39 0 20 39 0 19 0 0 45 44 0 44 40 0 40 41 0 41 45 0 46 45 0
		 41 42 0 42 46 0 47 46 0 42 43 0 43 47 0 44 47 0 43 40 0 4 1 0 1 6 0 17 0 0 15 0 0
		 12 43 0 43 14 0 9 7 0 7 40 0 40 10 0 43 11 0 42 15 0 41 0 0 41 6 0 29 44 0 44 27 0
		 45 26 0 30 47 0 32 47 0 34 47 0 35 46 0 20 37 0 20 35 0 20 45 0 21 26 0 24 21 0 69 49 0
		 49 48 0 48 68 0 68 69 0 70 50 0 50 49 0 69 70 0 71 51 0 51 50 0 70 71 0 72 52 0 52 51 0
		 71 72 0 73 53 0 53 52 0 72 73 0 74 54 0 54 53 0 73 74 0 75 55 0 55 54 0 74 75 0 76 56 0
		 56 55 0 75 76 0 77 57 0 57 56 0 76 77 0 78 58 0 58 57 0 77 78 0 79 59 0 59 58 0 78 79 0
		 80 60 0 60 59 0 79 80 0 81 61 0 61 60 0 80 81 0 82 62 0 62 61 0 81 82 0 83 63 0 63 62 0
		 82 83 0 84 64 0 64 63 0 83 84 0 85 65 0 65 64 0 84 85 0 86 66 0 66 65 0 85 86 0 87 67 0
		 67 66 0 86 87 0 48 67 0 87 68 0 93 89 0 89 88 0 88 92 0 92 93 0 94 90 0 90 89 0 93 94 0
		 95 91 0 91 90 0;
	setAttr ".ed[166:331]" 94 95 0 88 91 0 95 92 0 57 88 0 88 55 0 89 54 0 58 91 0
		 60 91 0 62 91 0 63 90 0 48 65 0 48 63 0 48 89 0 49 54 0 52 49 0 72 69 0 69 74 0 85 68 0
		 83 68 0 80 95 0 95 82 0 77 75 0 75 92 0 92 78 0 95 79 0 94 83 0 93 68 0 93 74 0 117 97 0
		 97 96 0 96 116 0 116 117 0 118 98 0 98 97 0 117 118 0 119 99 0 99 98 0 118 119 0
		 120 100 0 100 99 0 119 120 0 121 101 0 101 100 0 120 121 0 122 102 0 102 101 0 121 122 0
		 123 103 0 103 102 0 122 123 0 124 104 0 104 103 0 123 124 0 125 105 0 105 104 0 124 125 0
		 126 106 0 106 105 0 125 126 0 127 107 0 107 106 0 126 127 0 128 108 0 108 107 0 127 128 0
		 129 109 0 109 108 0 128 129 0 130 110 0 110 109 0 129 130 0 131 111 0 111 110 0 130 131 0
		 132 112 0 112 111 0 131 132 0 133 113 0 113 112 0 132 133 0 134 114 0 114 113 0 133 134 0
		 135 115 0 115 114 0 134 135 0 96 115 0 135 116 0 141 137 0 137 136 0 136 140 0 140 141 0
		 142 138 0 138 137 0 141 142 0 143 139 0 139 138 0 142 143 0 136 139 0 143 140 0 105 136 0
		 136 103 0 137 102 0 106 139 0 108 139 0 110 139 0 111 138 0 96 113 0 96 111 0 96 137 0
		 97 102 0 100 97 0 120 117 0 117 122 0 133 116 0 131 116 0 128 143 0 143 130 0 125 123 0
		 123 140 0 140 126 0 143 127 0 142 131 0 141 116 0 141 122 0 165 164 0 164 144 0 144 145 0
		 145 165 0 166 165 0 145 146 0 146 166 0 167 166 0 146 147 0 147 167 0 168 167 0 147 148 0
		 148 168 0 169 168 0 148 149 0 149 169 0 170 169 0 149 150 0 150 170 0 171 170 0 150 151 0
		 151 171 0 172 171 0 151 152 0 152 172 0 173 172 0 152 153 0 153 173 0 174 173 0 153 154 0
		 154 174 0 175 174 0 154 155 0 155 175 0 176 175 0 155 156 0 156 176 0 177 176 0 156 157 0
		 157 177 0 178 177 0;
	setAttr ".ed[332:387]" 157 158 0 158 178 0 179 178 0 158 159 0 159 179 0 180 179 0
		 159 160 0 160 180 0 181 180 0 160 161 0 161 181 0 182 181 0 161 162 0 162 182 0 183 182 0
		 162 163 0 163 183 0 164 183 0 163 144 0 189 188 0 188 184 0 184 185 0 185 189 0 190 189 0
		 185 186 0 186 190 0 191 190 0 186 187 0 187 191 0 188 191 0 187 184 0 148 145 0 145 150 0
		 161 144 0 159 144 0 156 187 0 187 158 0 153 151 0 151 184 0 184 154 0 187 155 0 186 159 0
		 185 144 0 185 150 0 173 188 0 188 171 0 189 170 0 174 191 0 176 191 0 178 191 0 179 190 0
		 164 181 0 164 179 0 164 189 0 165 170 0 168 165 0;
	setAttr -s 776 ".n";
	setAttr ".n[0:165]" -type "float3"  1e+020 1e+020 1e+020 1e+020 1e+020 1e+020
		 1e+020 1e+020 1e+020 1e+020 1e+020 1e+020 0 0 1 0 0 1 0 0 1 0 0 1 0.99999702 0.0025579999
		 0 0.99999702 0.0025579999 0 0.99999702 0.0025579999 0 0.99999702 0.0025579999 0 0.75290698
		 0.001926 -0.65812403 0.75290698 0.001926 -0.65812403 0.75290698 0.001926 -0.65812403
		 0.75290698 0.001926 -0.65812403 0 0 -1 0 0 -1 0 0 -1 0 0 -1 -0.99999398 -0.0025579999
		 0.002474 -0.99999398 -0.0025579999 0.002474 -0.99999398 -0.0025579999 0.002474 -0.99999398
		 -0.0025579999 0.002474 0 0 -1 0 0 -1 0 0 -1 0 0 -1 0.99999702 0.0025579999 -0.00028099999
		 0.99999702 0.0025579999 -0.00028099999 0.99999702 0.0025579999 -0.00028099999 0.99999702
		 0.0025579999 -0.00028099999 0 0 -1 0 0 -1 0 0 -1 0 0 -1 -0.68515301 -0.001753 -0.72839701
		 -0.68515301 -0.001753 -0.72839701 -0.68515301 -0.001753 -0.72839701 -0.68515301 -0.001753
		 -0.72839701 -0.99999702 -0.0025579999 0 -0.99999702 -0.0025579999 0 -0.99999702 -0.0025579999
		 0 -0.99999702 -0.0025579999 0 -0.76494402 -0.001957 0.64409399 -0.76494402 -0.001957
		 0.64409399 -0.76494402 -0.001957 0.64409399 -0.76494402 -0.001957 0.64409399 0 0
		 1 0 0 1 0 0 1 0 0 1 0.99997002 0.0025579999 -0.0073509999 0.99997002 0.0025579999
		 -0.0073509999 0.99997002 0.0025579999 -0.0073509999 0.99997002 0.0025579999 -0.0073509999
		 0 0 1 0 0 1 0 0 1 0 0 1 -0.99999601 -0.0025579999 0.001563 -0.99999601 -0.0025579999
		 0.001563 -0.99999601 -0.0025579999 0.001563 -0.99999601 -0.0025579999 0.001563 0
		 0 1 0 0 1 0 0 1 0 0 1 0.78767401 0.002015 0.61608899 0.78767401 0.002015 0.61608899
		 0.78767401 0.002015 0.61608899 0.78767401 0.002015 0.61608899 0.99999702 0.0025579999
		 0 0.99999702 0.0025579999 0 0.99999702 0.0025579999 0 0.99999702 0.0025579999 0 -0.001702
		 -4e-006 -0.99999899 -0.001702 -4e-006 -0.99999899 -0.001702 -4e-006 -0.99999899 -0.001702
		 -4e-006 -0.99999899 0 0 1 0 0 1 0 0 1 0 0 1 -0.99999702 -0.0025579999 0 -0.99999702
		 -0.0025579999 0 -0.99999702 -0.0025579999 0 -0.99999702 -0.0025579999 0 0 0 -1 0
		 0 -1 0 0 -1 0 0 -1 0.99999702 0.0025579999 0 0.99999702 0.0025579999 0 0.99999702
		 0.0025579999 0 0.99999702 0.0025579999 0 0.002569 -0.99999702 2.8e-005 0.002569 -0.99999702
		 2.8e-005 0.002569 -0.99999702 2.8e-005 0.002569 -0.99999702 2.8e-005 0.002575 -0.99999702
		 3.2e-005 0.002575 -0.99999702 3.2e-005 0.002575 -0.99999702 3.2e-005 0.002575 -0.99999702
		 3.2e-005 0.002575 -0.99999702 -2.9999999e-005 0.002575 -0.99999702 -2.9999999e-005
		 0.002575 -0.99999702 -2.9999999e-005 0.002575 -0.99999702 -2.9999999e-005 0.002563
		 -0.99999702 -1.3e-005 0.002563 -0.99999702 -1.3e-005 0.002563 -0.99999702 -1.3e-005
		 0.002563 -0.99999702 -1.3e-005 0.0025289999 -0.99999702 -7.5000004e-005 0.0025289999
		 -0.99999702 -7.5000004e-005 0.0025289999 -0.99999702 -7.5000004e-005 0.0025289999
		 -0.99999702 -7.5000004e-005 0.002537 -0.99999702 0.000101 0.002537 -0.99999702 0.000101
		 0.002537 -0.99999702 0.000101 0.002537 -0.99999702 0.000101 0.002757 -0.99999601
		 0 0.002757 -0.99999601 0 0.002757 -0.99999601 0 0.002757 -0.99999601 0 0.0026219999
		 -0.99999702 -8.3999999e-005 0.0026219999 -0.99999702 -8.3999999e-005 0.0026219999
		 -0.99999702 -8.3999999e-005 0.0025569999 -0.99999702 -0.000197 0.0025569999 -0.99999702
		 -0.000197 0.0025569999 -0.99999702 -0.000197 0.0025569999 -0.99999702 -0.000197 0.0023980001
		 -0.99999702 -1.9999999e-005 0.0023980001 -0.99999702 -1.9999999e-005 0.0023980001
		 -0.99999702 -1.9999999e-005 0.0023980001 -0.99999702 -1.9999999e-005 0.0023970001
		 -0.99999702 1.7e-005 0.0023970001 -0.99999702 1.7e-005 0.0023970001 -0.99999702 1.7e-005
		 0.0023970001 -0.99999702 1.7e-005 0.0025569999 -0.99999702 0.000207 0.0025569999
		 -0.99999702 0.000207 0.0025569999 -0.99999702 0.000207 0.0025569999 -0.99999702 0.000207
		 0.0025480001 -0.99999702 0 0.0025480001 -0.99999702 0 0.0025480001 -0.99999702 0
		 -0.0025160001 0.99999702 -8.2999999e-005 -0.0025160001 0.99999702 -8.2999999e-005
		 -0.0025160001 0.99999702 -8.2999999e-005 -0.0025160001 0.99999702 -8.2999999e-005
		 -0.0025599999 0.99999702 -0.00022 -0.0025599999 0.99999702 -0.00022 -0.0025599999
		 0.99999702 -0.00022 -0.0025599999 0.99999702 -0.00022 -0.0027350001 0.99999601 -1.5e-005
		 -0.0027350001 0.99999601 -1.5e-005 -0.0027350001 0.99999601 -1.5e-005 -0.0027350001
		 0.99999601 -1.5e-005 -0.00278 0.99999601 1.3e-005 -0.00278 0.99999601 1.3e-005 -0.00278
		 0.99999601 1.3e-005 -0.00278 0.99999601 1.3e-005 -0.0025160001 0.99999702 8.2999999e-005
		 -0.0025160001 0.99999702 8.2999999e-005 -0.0025160001 0.99999702 8.2999999e-005 -0.0025160001
		 0.99999702 8.2999999e-005;
	setAttr ".n[166:331]" -type "float3"  -0.0025579999 0.99999702 0.00020900001
		 -0.0025579999 0.99999702 0.00020900001 -0.0025579999 0.99999702 0.00020900001 -0.0025579999
		 0.99999702 0.00020900001 -0.0025579999 0.99999702 0 -0.0025579999 0.99999702 0 -0.0025579999
		 0.99999702 0 -0.0025579999 0.99999702 0 -0.002536 0.99999702 -1.7e-005 -0.002536
		 0.99999702 -1.7e-005 -0.002536 0.99999702 -1.7e-005 -0.002536 0.99999702 -1.7e-005
		 -0.0023779999 0.99999702 1.9999999e-005 -0.0023779999 0.99999702 1.9999999e-005 -0.0023779999
		 0.99999702 1.9999999e-005 -0.0023779999 0.99999702 1.9999999e-005 -0.0023729999 0.99999702
		 -1.3e-005 -0.0023729999 0.99999702 -1.3e-005 -0.0023729999 0.99999702 -1.3e-005 -0.0023729999
		 0.99999702 -1.3e-005 -0.002541 0.99999702 -8e-006 -0.002541 0.99999702 -8e-006 -0.002541
		 0.99999702 -8e-006 -0.002541 0.99999702 -8e-006 -0.0025470001 0.99999702 -1.1e-005
		 -0.0025470001 0.99999702 -1.1e-005 -0.0025470001 0.99999702 -1.1e-005 -0.0025470001
		 0.99999702 -1.1e-005 -0.0025579999 0.99999702 1e-006 -0.0025579999 0.99999702 1e-006
		 -0.0025579999 0.99999702 1e-006 -0.0025579999 0.99999702 1e-006 0 0 1 0 0 1 0 0 1
		 0 0 1 -0.0025579999 0.99999702 0 -0.0025579999 0.99999702 0 -0.0025579999 0.99999702
		 0 -0.0025579999 0.99999702 0 -0.001926 0.75289202 -0.65814102 -0.001926 0.75289202
		 -0.65814102 -0.001926 0.75289202 -0.65814102 -0.001926 0.75289202 -0.65814102 0 0
		 -1 0 0 -1 0 0 -1 0 0 -1 0.0025579999 -0.99999398 0.0024649999 0.0025579999 -0.99999398
		 0.0024649999 0.0025579999 -0.99999398 0.0024649999 0.0025579999 -0.99999398 0.0024649999
		 0 0 -1 0 0 -1 0 0 -1 0 0 -1 -0.0025579999 0.99999702 -0.00026299999 -0.0025579999
		 0.99999702 -0.00026299999 -0.0025579999 0.99999702 -0.00026299999 -0.0025579999 0.99999702
		 -0.00026299999 0 0 -1 0 0 -1 0 0 -1 0 0 -1 0.001753 -0.68516803 -0.728383 0.001753
		 -0.68516803 -0.728383 0.001753 -0.68516803 -0.728383 0.001753 -0.68516803 -0.728383
		 0.0025579999 -0.99999702 0 0.0025579999 -0.99999702 0 0.0025579999 -0.99999702 0
		 0.0025579999 -0.99999702 0 0.001957 -0.764961 0.64407301 0.001957 -0.764961 0.64407301
		 0.001957 -0.764961 0.64407301 0.001957 -0.764961 0.64407301 0 0 1 0 0 1 0 0 1 0 0
		 1 -0.0025579999 0.99997002 -0.0073509999 -0.0025579999 0.99997002 -0.0073509999 -0.0025579999
		 0.99997002 -0.0073509999 -0.0025579999 0.99997002 -0.0073509999 0 0 1 0 0 1 0 0 1
		 0 0 1 0.0025579999 -0.99999601 0.0015820001 0.0025579999 -0.99999601 0.0015820001
		 0.0025579999 -0.99999601 0.0015820001 0.0025579999 -0.99999601 0.0015820001 0 0 1
		 0 0 1 0 0 1 0 0 1 -0.002015 0.78767401 0.61608899 -0.002015 0.78767401 0.61608899
		 -0.002015 0.78767401 0.61608899 -0.002015 0.78767401 0.61608899 -0.0025579999 0.99999702
		 0 -0.0025579999 0.99999702 0 -0.0025579999 0.99999702 0 -0.0025579999 0.99999702
		 0 4e-006 -0.001702 -0.99999797 4e-006 -0.001702 -0.99999797 4e-006 -0.001702 -0.99999797
		 4e-006 -0.001702 -0.99999797 0 0 1 0 0 1 0 0 1 0 0 1 0.0025579999 -0.99999702 2e-006
		 0.0025579999 -0.99999702 2e-006 0.0025579999 -0.99999702 2e-006 0.0025579999 -0.99999702
		 2e-006 0 0 -1 0 0 -1 0 0 -1 0 0 -1 -0.0025579999 0.99999702 1e-006 -0.0025579999
		 0.99999702 1e-006 -0.0025579999 0.99999702 1e-006 -0.0025579999 0.99999702 1e-006
		 -0.99999702 -0.002593 6.9000002e-005 -0.99999702 -0.002593 6.9000002e-005 -0.99999702
		 -0.002593 6.9000002e-005 -0.99999702 -0.002593 6.9000002e-005 -0.99999702 -0.0025579999
		 0.00019799999 -0.99999702 -0.0025579999 0.00019799999 -0.99999702 -0.0025579999 0.00019799999
		 -0.99999702 -0.0025579999 0.00019799999 -0.99999702 -0.0023749999 1.1e-005 -0.99999702
		 -0.0023749999 1.1e-005 -0.99999702 -0.0023749999 1.1e-005 -0.99999702 -0.0023749999
		 1.1e-005 -0.99999702 -0.0023699999 -8e-006 -0.99999702 -0.0023699999 -8e-006 -0.99999702
		 -0.0023699999 -8e-006 -0.99999702 -0.0023699999 -8e-006 -0.99999702 -0.002593 -7.0000002e-005
		 -0.99999702 -0.002593 -7.0000002e-005 -0.99999702 -0.002593 -7.0000002e-005 -0.99999702
		 -0.002593 -7.0000002e-005 -0.99999702 -0.0025579999 -0.00020900001 -0.99999702 -0.0025579999
		 -0.00020900001 -0.99999702 -0.0025579999 -0.00020900001 -0.99999702 -0.0025579999
		 -0.00020900001 -0.99999702 -0.002541 7.0000001e-006 -0.99999702 -0.002541 7.0000001e-006
		 -0.99999702 -0.002541 7.0000001e-006 -0.99999702 -0.002541 7.0000001e-006 -0.99999702
		 -0.0025470001 9.9999997e-006 -0.99999702 -0.0025470001 9.9999997e-006 -0.99999702
		 -0.0025470001 9.9999997e-006 -0.99999702 -0.0025470001 9.9999997e-006 -0.99999601
		 -0.0027369999 -1.9999999e-005 -0.99999601 -0.0027369999 -1.9999999e-005 -0.99999601
		 -0.0027369999 -1.9999999e-005 -0.99999601 -0.0027369999 -1.9999999e-005 -0.99999601
		 -0.0027389999 1.7e-005 -0.99999601 -0.0027389999 1.7e-005 -0.99999601 -0.0027389999
		 1.7e-005 -0.99999601 -0.0027389999 1.7e-005 -0.99999702 -0.002541 -8e-006 -0.99999702
		 -0.002541 -8e-006;
	setAttr ".n[332:497]" -type "float3"  -0.99999702 -0.002541 -8e-006 -0.99999702
		 -0.002541 -8e-006 -0.99999702 -0.0025470001 -1.1e-005 -0.99999702 -0.0025470001 -1.1e-005
		 -0.99999702 -0.0025470001 -1.1e-005 -0.99999702 -0.0025470001 -1.1e-005 0.99999702
		 0.0025470001 1.1e-005 0.99999702 0.0025470001 1.1e-005 0.99999702 0.0025470001 1.1e-005
		 0.99999702 0.0025470001 1.1e-005 0.99999702 0.002593 6.2999999e-005 0.99999702 0.002593
		 6.2999999e-005 0.99999702 0.002593 6.2999999e-005 0.99999702 0.002593 6.2999999e-005
		 0.99999702 0.0025919999 -5.9999998e-005 0.99999702 0.0025919999 -5.9999998e-005 0.99999702
		 0.0025919999 -5.9999998e-005 0.99999702 0.0025919999 -5.9999998e-005 0.99999702 0.0025470001
		 -9.9999997e-006 0.99999702 0.0025470001 -9.9999997e-006 0.99999702 0.0025470001 -9.9999997e-006
		 0.99999702 0.0025470001 -9.9999997e-006 0.99999702 0.002593 7.0000002e-005 0.99999702
		 0.002593 7.0000002e-005 0.99999702 0.002593 7.0000002e-005 0.99999702 0.002593 7.0000002e-005
		 0.99999702 0.0025830001 -0.000121 0.99999702 0.0025830001 -0.000121 0.99999702 0.0025830001
		 -0.000121 0.99999702 0.0025830001 -0.000121 0.99999702 0.002319 0 0.99999702 0.002319
		 0 0.99999702 0.002319 0 0.99999702 0.002319 0 0.99999702 0.002447 9.4000003e-005
		 0.99999702 0.002447 9.4000003e-005 0.99999702 0.002447 9.4000003e-005 0.99999702
		 0.0025579999 0.00025099999 0.99999702 0.0025579999 0.00025099999 0.99999702 0.0025579999
		 0.00025099999 0.99999702 0.0025579999 0.00025099999 0.99999601 0.0027729999 2.4000001e-005
		 0.99999601 0.0027729999 2.4000001e-005 0.99999601 0.0027729999 2.4000001e-005 0.99999601
		 0.0027729999 2.4000001e-005 0.99999601 0.0027749999 -1.9999999e-005 0.99999601 0.0027749999
		 -1.9999999e-005 0.99999601 0.0027749999 -1.9999999e-005 0.99999601 0.0027749999 -1.9999999e-005
		 0.99999702 0.0025579999 -0.000237 0.99999702 0.0025579999 -0.000237 0.99999702 0.0025579999
		 -0.000237 0.99999702 0.0025579999 -0.000237 0.99999702 0.0025579999 0 0.99999702
		 0.0025579999 0 0.99999702 0.0025579999 0 -0.99999702 -0.0025579999 0 -0.99999702
		 -0.0025579999 0 -0.99999702 -0.0025579999 0 -0.99999702 -0.0025579999 0 0 0 1 0 0
		 1 0 0 1 0 0 1 -0.99999702 -0.0025579999 0 -0.99999702 -0.0025579999 0 -0.99999702
		 -0.0025579999 0 -0.99999702 -0.0025579999 0 -0.75286299 -0.001926 -0.65817499 -0.75286299
		 -0.001926 -0.65817499 -0.75286299 -0.001926 -0.65817499 -0.75286299 -0.001926 -0.65817499
		 0 0 -1 0 0 -1 0 0 -1 0 0 -1 0.99999398 0.0025579999 0.002512 0.99999398 0.0025579999
		 0.002512 0.99999398 0.0025579999 0.002512 0.99999398 0.0025579999 0.002512 0 0 -1
		 0 0 -1 0 0 -1 0 0 -1 -0.99999702 -0.0025579999 -0.000225 -0.99999702 -0.0025579999
		 -0.000225 -0.99999702 -0.0025579999 -0.000225 -0.99999702 -0.0025579999 -0.000225
		 0 0 -1 0 0 -1 0 0 -1 0 0 -1 0.68514103 0.001752 -0.72840899 0.68514103 0.001752 -0.72840899
		 0.68514103 0.001752 -0.72840899 0.68514103 0.001752 -0.72840899 0.99999702 0.0025579999
		 0 0.99999702 0.0025579999 0 0.99999702 0.0025579999 0 0.99999702 0.0025579999 0 0.76493198
		 0.001957 0.644108 0.76493198 0.001957 0.644108 0.76493198 0.001957 0.644108 0.76493198
		 0.001957 0.644108 0 0 1 0 0 1 0 0 1 0 0 1 -0.99996901 -0.0025579999 -0.0074069998
		 -0.99996901 -0.0025579999 -0.0074069998 -0.99996901 -0.0025579999 -0.0074069998 -0.99996901
		 -0.0025579999 -0.0074069998 0 0 1 0 0 1 0 0 1 0 0 1 0.99999499 0.0025579999 0.001619
		 0.99999499 0.0025579999 0.001619 0.99999499 0.0025579999 0.001619 0.99999499 0.0025579999
		 0.001619 0 0 1 0 0 1 0 0 1 0 0 1 -0.787633 -0.002015 0.61614102 -0.787633 -0.002015
		 0.61614102 -0.787633 -0.002015 0.61614102 -0.787633 -0.002015 0.61614102 -0.99999702
		 -0.0025579999 0 -0.99999702 -0.0025579999 0 -0.99999702 -0.0025579999 0 -0.99999702
		 -0.0025579999 0 0.001703 4e-006 -0.99999899 0.001703 4e-006 -0.99999899 0.001703
		 4e-006 -0.99999899 0.001703 4e-006 -0.99999899 0 0 1 0 0 1 0 0 1 0 0 1 0.99999702
		 0.0025579999 0 0.99999702 0.0025579999 0 0.99999702 0.0025579999 0 0.99999702 0.0025579999
		 0 0 0 -1 0 0 -1 0 0 -1 0 0 -1 -0.99999702 -0.0025579999 0 -0.99999702 -0.0025579999
		 0 -0.99999702 -0.0025579999 0 -0.99999702 -0.0025579999 0 0.0025859999 -0.99999702
		 7.4000003e-005 0.0025859999 -0.99999702 7.4000003e-005 0.0025859999 -0.99999702 7.4000003e-005
		 0.0025859999 -0.99999702 7.4000003e-005 0.0025589999 -0.99999702 0.000207 0.0025589999
		 -0.99999702 0.000207 0.0025589999 -0.99999702 0.000207 0.0025589999 -0.99999702 0.000207
		 0.002357 -0.99999702 1.2e-005 0.002357 -0.99999702 1.2e-005 0.002357 -0.99999702
		 1.2e-005 0.002357 -0.99999702 1.2e-005 0.002351 -0.99999702 -9.0000003e-006 0.002351
		 -0.99999702 -9.0000003e-006;
	setAttr ".n[498:663]" -type "float3"  0.002351 -0.99999702 -9.0000003e-006
		 0.002351 -0.99999702 -9.0000003e-006 0.0025899999 -0.99999702 -8.1999999e-005 0.0025899999
		 -0.99999702 -8.1999999e-005 0.0025899999 -0.99999702 -8.1999999e-005 0.0025899999
		 -0.99999702 -8.1999999e-005 0.0025569999 -0.99999702 -0.000199 0.0025569999 -0.99999702
		 -0.000199 0.0025569999 -0.99999702 -0.000199 0.0025569999 -0.99999702 -0.000199 0.002571
		 -0.99999702 1.3e-005 0.002571 -0.99999702 1.3e-005 0.002571 -0.99999702 1.3e-005
		 0.002571 -0.99999702 1.3e-005 0.002569 -0.99999702 -9.9999997e-006 0.002569 -0.99999702
		 -9.9999997e-006 0.002569 -0.99999702 -9.9999997e-006 0.002569 -0.99999702 -9.9999997e-006
		 0.0027590001 -0.99999601 -1.8000001e-005 0.0027590001 -0.99999601 -1.8000001e-005
		 0.0027590001 -0.99999601 -1.8000001e-005 0.0027590001 -0.99999601 -1.8000001e-005
		 0.002757 -0.99999601 1.8000001e-005 0.002757 -0.99999601 1.8000001e-005 0.002757
		 -0.99999601 1.8000001e-005 0.002757 -0.99999601 1.8000001e-005 0.0025579999 -0.99999702
		 0 0.0025579999 -0.99999702 0 0.0025579999 -0.99999702 0 0.0025579999 -0.99999702
		 0 0.0025579999 -0.99999702 0 0.0025579999 -0.99999702 0 0.0025579999 -0.99999702
		 0 0.0025579999 -0.99999702 0 -0.0025579999 0.99999702 0 -0.0025579999 0.99999702
		 0 -0.0025579999 0.99999702 0 -0.0025579999 0.99999702 0 -0.0025839999 0.99999702
		 2.8e-005 -0.0025839999 0.99999702 2.8e-005 -0.0025839999 0.99999702 2.8e-005 -0.0025839999
		 0.99999702 2.8e-005 -0.0025839999 0.99999702 -2.7e-005 -0.0025839999 0.99999702 -2.7e-005
		 -0.0025839999 0.99999702 -2.7e-005 -0.0025839999 0.99999702 -2.7e-005 -0.0025579999
		 0.99999702 0 -0.0025579999 0.99999702 0 -0.0025579999 0.99999702 0 -0.0025579999
		 0.99999702 0 -0.002593 0.99999702 6.9000002e-005 -0.002593 0.99999702 6.9000002e-005
		 -0.002593 0.99999702 6.9000002e-005 -0.002593 0.99999702 6.9000002e-005 -0.0025790001
		 0.99999702 -0.000101 -0.0025790001 0.99999702 -0.000101 -0.0025790001 0.99999702
		 -0.000101 -0.0025790001 0.99999702 -0.000101 -0.002358 0.99999702 0 -0.002358 0.99999702
		 0 -0.002358 0.99999702 0 -0.002358 0.99999702 0 -0.0024649999 0.99999702 7.7999997e-005
		 -0.0024649999 0.99999702 7.7999997e-005 -0.0024649999 0.99999702 7.7999997e-005 -0.0025599999
		 0.99999702 0.000186 -0.0025599999 0.99999702 0.000186 -0.0025599999 0.99999702 0.000186
		 -0.0025599999 0.99999702 0.000186 -0.0027010001 0.99999601 1.6e-005 -0.0027010001
		 0.99999601 1.6e-005 -0.0027010001 0.99999601 1.6e-005 -0.0027010001 0.99999601 1.6e-005
		 -0.0027030001 0.99999601 -1.3e-005 -0.0027030001 0.99999601 -1.3e-005 -0.0027030001
		 0.99999601 -1.3e-005 -0.0027030001 0.99999601 -1.3e-005 -0.0025599999 0.99999702
		 -0.000176 -0.0025599999 0.99999702 -0.000176 -0.0025599999 0.99999702 -0.000176 -0.0025599999
		 0.99999702 -0.000176 -0.0025579999 0.99999702 0 -0.0025579999 0.99999702 0 -0.0025579999
		 0.99999702 0 0.0025579999 -0.99999702 0 0.0025579999 -0.99999702 0 0.0025579999 -0.99999702
		 0 0.0025579999 -0.99999702 0 0 0 1 0 0 1 0 0 1 0 0 1 0.0025579999 -0.99999702 0 0.0025579999
		 -0.99999702 0 0.0025579999 -0.99999702 0 0.0025579999 -0.99999702 0 0.001926 -0.75286198
		 -0.65817499 0.001926 -0.75286198 -0.65817499 0.001926 -0.75286198 -0.65817499 0.001926
		 -0.75286198 -0.65817499 0 0 -1 0 0 -1 0 0 -1 0 0 -1 -0.0025579999 0.99999398 0.0024550001
		 -0.0025579999 0.99999398 0.0024550001 -0.0025579999 0.99999398 0.0024550001 -0.0025579999
		 0.99999398 0.0024550001 0 0 -1 0 0 -1 0 0 -1 0 0 -1 0.0025579999 -0.99999702 -0.00028099999
		 0.0025579999 -0.99999702 -0.00028099999 0.0025579999 -0.99999702 -0.00028099999 0.0025579999
		 -0.99999702 -0.00028099999 0 0 -1 0 0 -1 0 0 -1 0 0 -1 -0.001753 0.68516701 -0.72838402
		 -0.001753 0.68516701 -0.72838402 -0.001753 0.68516701 -0.72838402 -0.001753 0.68516701
		 -0.72838402 -0.0025579999 0.99999702 0 -0.0025579999 0.99999702 0 -0.0025579999 0.99999702
		 0 -0.0025579999 0.99999702 0 -0.001957 0.764956 0.64407903 -0.001957 0.764956 0.64407903
		 -0.001957 0.764956 0.64407903 -0.001957 0.764956 0.64407903 0 0 1 0 0 1 0 0 1 0 0
		 1 0.0025579999 -0.99997002 -0.007369 0.0025579999 -0.99997002 -0.007369 0.0025579999
		 -0.99997002 -0.007369 0.0025579999 -0.99997002 -0.007369 0 0 1 0 0 1 0 0 1 0 0 1
		 -0.0025579999 0.99999601 0.001563 -0.0025579999 0.99999601 0.001563 -0.0025579999
		 0.99999601 0.001563 -0.0025579999 0.99999601 0.001563 0 0 1 0 0 1 0 0 1 0 0 1 0.002015
		 -0.787633 0.61614102 0.002015 -0.787633 0.61614102 0.002015 -0.787633 0.61614102
		 0.002015 -0.787633 0.61614102 0.0025579999 -0.99999702 0 0.0025579999 -0.99999702
		 0 0.0025579999 -0.99999702 0 0.0025579999 -0.99999702 0 -4e-006 0.001702 -0.99999899
		 -4e-006 0.001702 -0.99999899 -4e-006 0.001702 -0.99999899 -4e-006 0.001702 -0.99999899
		 0 0 1 0 0 1;
	setAttr ".n[664:775]" -type "float3"  0 0 1 0 0 1 -0.0025579999 0.99999702
		 0 -0.0025579999 0.99999702 0 -0.0025579999 0.99999702 0 -0.0025579999 0.99999702
		 0 0 0 -1 0 0 -1 0 0 -1 0 0 -1 0.0025579999 -0.99999702 0 0.0025579999 -0.99999702
		 0 0.0025579999 -0.99999702 0 0.0025579999 -0.99999702 0 -0.99999702 -0.002569 -1.1e-005
		 -0.99999702 -0.002569 -1.1e-005 -0.99999702 -0.002569 -1.1e-005 -0.99999702 -0.002569
		 -1.1e-005 -0.99999702 -0.002575 -8e-006 -0.99999702 -0.002575 -8e-006 -0.99999702
		 -0.002575 -8e-006 -0.99999702 -0.002575 -8e-006 -0.99999702 -0.002575 7.0000001e-006
		 -0.99999702 -0.002575 7.0000001e-006 -0.99999702 -0.002575 7.0000001e-006 -0.99999702
		 -0.002575 7.0000001e-006 -0.99999702 -0.002569 9.9999997e-006 -0.99999702 -0.002569
		 9.9999997e-006 -0.99999702 -0.002569 9.9999997e-006 -0.99999702 -0.002569 9.9999997e-006
		 -0.99999702 -0.0025299999 -5.6000001e-005 -0.99999702 -0.0025299999 -5.6000001e-005
		 -0.99999702 -0.0025299999 -5.6000001e-005 -0.99999702 -0.0025299999 -5.6000001e-005
		 -0.99999702 -0.0025530001 9.6999996e-005 -0.99999702 -0.0025530001 9.6999996e-005
		 -0.99999702 -0.0025530001 9.6999996e-005 -0.99999702 -0.0025530001 9.6999996e-005
		 -0.99999601 -0.002757 0 -0.99999601 -0.002757 0 -0.99999601 -0.002757 0 -0.99999601
		 -0.002757 0 -0.99999601 -0.0026499999 -7.7999997e-005 -0.99999601 -0.0026499999 -7.7999997e-005
		 -0.99999601 -0.0026499999 -7.7999997e-005 -0.99999702 -0.0025609999 -0.00023200001
		 -0.99999702 -0.0025609999 -0.00023200001 -0.99999702 -0.0025609999 -0.00023200001
		 -0.99999702 -0.0025609999 -0.00023200001 -0.99999702 -0.0023429999 -2.4000001e-005
		 -0.99999702 -0.0023429999 -2.4000001e-005 -0.99999702 -0.0023429999 -2.4000001e-005
		 -0.99999702 -0.0023429999 -2.4000001e-005 -0.99999702 -0.0023409999 1.9999999e-005
		 -0.99999702 -0.0023409999 1.9999999e-005 -0.99999702 -0.0023409999 1.9999999e-005
		 -0.99999702 -0.0023409999 1.9999999e-005 -0.99999702 -0.0025579999 0.00019799999
		 -0.99999702 -0.0025579999 0.00019799999 -0.99999702 -0.0025579999 0.00019799999 -0.99999702
		 -0.0025579999 0.00019799999 -0.99999702 -0.0025770001 0 -0.99999702 -0.0025770001
		 0 -0.99999702 -0.0025770001 0 0.99999702 0.0025229999 -6.9000002e-005 0.99999702
		 0.0025229999 -6.9000002e-005 0.99999702 0.0025229999 -6.9000002e-005 0.99999702 0.0025229999
		 -6.9000002e-005 0.99999702 0.0025549999 -0.000176 0.99999702 0.0025549999 -0.000176
		 0.99999702 0.0025549999 -0.000176 0.99999702 0.0025549999 -0.000176 0.99999601 0.0027409999
		 -1.1e-005 0.99999601 0.0027409999 -1.1e-005 0.99999601 0.0027409999 -1.1e-005 0.99999601
		 0.0027409999 -1.1e-005 0.99999601 0.002746 8e-006 0.99999601 0.002746 8e-006 0.99999601
		 0.002746 8e-006 0.99999601 0.002746 8e-006 0.99999702 0.00251 5.9000002e-005 0.99999702
		 0.00251 5.9000002e-005 0.99999702 0.00251 5.9000002e-005 0.99999702 0.00251 5.9000002e-005
		 0.99999702 0.0025579999 0.00020900001 0.99999702 0.0025579999 0.00020900001 0.99999702
		 0.0025579999 0.00020900001 0.99999702 0.0025579999 0.00020900001 0.99999702 0.002532
		 -2.6e-005 0.99999702 0.002532 -2.6e-005 0.99999702 0.002532 -2.6e-005 0.99999702
		 0.002532 -2.6e-005 0.99999702 0.0025579999 0 0.99999702 0.0025579999 0 0.99999702
		 0.0025579999 0 0.99999702 0.0025579999 0 0.99999702 0.002414 1.6e-005 0.99999702
		 0.002414 1.6e-005 0.99999702 0.002414 1.6e-005 0.99999702 0.002414 1.6e-005 0.99999702
		 0.002413 -1.3e-005 0.99999702 0.002413 -1.3e-005 0.99999702 0.002413 -1.3e-005 0.99999702
		 0.002413 -1.3e-005 0.99999702 0.002532 2.8e-005 0.99999702 0.002532 2.8e-005 0.99999702
		 0.002532 2.8e-005 0.99999702 0.002532 2.8e-005 0.99999702 0.0025579999 0 0.99999702
		 0.0025579999 0 0.99999702 0.0025579999 0 0.99999702 0.0025579999 0;
	setAttr -s 196 -ch 776 ".fc[0:195]" -type "polyFaces" 
		f 4 0 1 2 3
		f 4 4 -4 5 6
		f 4 7 -7 8 9
		f 4 10 -10 11 12
		f 4 13 -13 14 15
		f 4 16 -16 17 18
		f 4 19 -19 20 21
		f 4 22 -22 23 24
		f 4 25 -25 26 27
		f 4 28 -28 29 30
		f 4 31 -31 32 33
		f 4 34 -34 35 36
		f 4 37 -37 38 39
		f 4 40 -40 41 42
		f 4 43 -43 44 45
		f 4 46 -46 47 48
		f 4 49 -49 50 51
		f 4 52 -52 53 54
		f 4 55 -55 56 57
		f 4 58 -58 59 -2
		f 4 60 61 62 63
		f 4 64 -64 65 66
		f 4 67 -67 68 69
		f 4 70 -70 71 -62
		f 4 -18 -15 72 73
		f 4 -9 -6 -73 -12
		f 4 -60 -57 -54 74
		f 4 -75 -51 -48 75
		f 4 -42 -39 76 77
		f 4 -30 78 79 80
		f 4 -81 -72 81 -33
		f 3 -36 -82 -77
		f 4 -78 -69 82 -45
		f 4 -76 -83 -66 83
		f 4 -3 -84 84 -74
		f 4 -21 -85 -63 -80
		f 3 -79 -27 -24
		f 4 -23 -26 85 86
		f 4 -87 -61 87 -20
		f 4 -86 -29 88 -71
		f 4 -89 -32 -35 89
		f 4 -38 -41 90 -90
		f 4 -68 -91 -44 91
		f 4 -56 -59 92 -53
		f 4 -50 -93 93 -47
		f 4 -92 -94 94 -65
		f 4 -95 -1 95 -88
		f 4 -5 -8 -11 96
		f 4 -14 -17 -96 -97
		f 4 97 98 99 100
		f 4 101 102 -98 103
		f 4 104 105 -102 106
		f 4 107 108 -105 109
		f 4 110 111 -108 112
		f 4 113 114 -111 115
		f 4 116 117 -114 118
		f 4 119 120 -117 121
		f 4 122 123 -120 124
		f 4 125 126 -123 127
		f 4 128 129 -126 130
		f 4 131 132 -129 133
		f 4 134 135 -132 136
		f 4 137 138 -135 139
		f 4 140 141 -138 142
		f 4 143 144 -141 145
		f 4 146 147 -144 148
		f 4 149 150 -147 151
		f 4 152 153 -150 154
		f 4 -100 155 -153 156
		f 4 157 158 159 160
		f 4 161 162 -158 163
		f 4 164 165 -162 166
		f 4 -160 167 -165 168
		f 4 -121 -124 169 170
		f 4 -171 -159 171 -118
		f 4 -170 -127 172 -168
		f 4 -173 -130 -133 173
		f 4 -136 -139 174 -174
		f 4 -166 -175 -142 175
		f 4 -154 -156 176 -151
		f 4 -148 -177 177 -145
		f 4 -176 -178 178 -163
		f 4 -179 -99 179 -172
		f 4 -103 -106 -109 180
		f 4 -112 -115 -180 -181
		f 4 -116 -113 181 182
		f 4 -107 -104 -182 -110
		f 4 -157 -155 -152 183
		f 4 -184 -149 -146 184
		f 4 -140 -137 185 186
		f 4 -128 187 188 189
		f 4 -190 -169 190 -131
		f 3 -134 -191 -186
		f 4 -187 -167 191 -143
		f 4 -185 -192 -164 192
		f 4 -101 -193 193 -183
		f 4 -119 -194 -161 -189
		f 3 -188 -125 -122
		f 4 194 195 196 197
